> library(ggplot2)
> library(forecast)
> theme_set(theme_classic())
> AirPassengers
     Jan Feb Mar Apr May Jun Jul Aug Sep Oct Nov Dec
1949 112 118 132 129 121 135 148 148 136 119 104 118
1950 115 126 141 135 125 149 170 170 158 133 114 140
1951 145 150 178 163 172 178 199 199 184 162 146 166
1952 171 180 193 181 183 218 230 242 209 191 172 194
1953 196 196 236 235 229 243 264 272 237 211 180 201
1954 204 188 235 227 234 264 302 293 259 229 203 229
1955 242 233 267 269 270 315 364 347 312 274 237 278
1956 284 277 317 313 318 374 413 405 355 306 271 306
1957 315 301 356 348 355 422 465 467 404 347 305 336
1958 340 318 362 348 363 435 491 505 404 359 310 337
1959 360 342 406 396 420 472 548 559 463 407 362 405
1960 417 391 419 461 472 535 622 606 508 461 390 432
> nottem_small <- window(nottem,start=c(1920,1),end=c(1925,12))   
> nottem_small
      Jan  Feb  Mar  Apr  May  Jun  Jul  Aug  Sep  Oct
1920 40.6 40.8 44.4 46.7 54.1 58.5 57.7 56.4 54.3 50.5
1921 44.2 39.8 45.1 47.0 54.1 58.7 66.3 59.9 57.0 54.2
1922 37.5 38.7 39.5 42.1 55.7 57.8 56.8 54.3 54.3 47.1
1923 41.8 40.1 42.9 45.8 49.2 52.7 64.2 59.6 54.4 49.2
1924 39.3 37.5 38.3 45.5 53.2 57.7 60.8 58.2 56.4 49.8
1925 40.0 40.5 40.8 45.1 53.8 59.4 63.5 61.0 53.0 50.0
      Nov  Dec
1920 42.9 39.8
1921 39.7 42.8
1922 41.8 41.7
1923 36.3 37.6
1924 44.4 43.6
1925 38.1 36.3
> ggseasonplot(AirPassengers)+labs(title = "seasonal plot for international air passangers")
> ggseasonplot(nottem_small)+labs(title = "seasonal plot for air temperature at given castle")
